1s2.2s;LS;0.5;0;0.5;2,0.0
1s2.2p;LS;0.5;1;0.5;1,14903.654
1s2.2p;LS;1.5;1;0.5;1,14903.99
1s2.3s;LS;0.5;0;0.5;2,27206.1
1s2.3p;LS;0.5;1;0.5;1,30925.553
1s2.3p;LS;1.5;1;0.5;1,30925.6494
1s2.3d;LS;1.5;2;0.5;2,31283.0505
1s2.3d;LS;2.5;2;0.5;2,31283.0866
1s2.4s;LS;0.5;0;0.5;2,35012.0326
1s2.4p;LS;1.5;1;0.5;1,36469.789
1s2.4p;LS;0.5;1;0.5;1,36469.789
1s2.4p;LS;0.5;1;0.5;2,36469.789
1s2.4p;LS;1.5;1;0.5;2,36469.789
1s2.4d;LS;1.5;2;0.5;2,36623.336
1s2.4d;LS;2.5;2;0.5;2,36623.3511
1s2.4d;LS;2.5;2;0.5;1,36623.367
1s2.4f;LS;2.5;3;0.5;2,36628.328
1s2.4f;LS;3.5;3;0.5;1,36628.328
1s2.4f;LS;2.5;3;0.5;1,36628.328
1s2.5s;LS;0.5;0;0.5;2,38299.4627
1s2.5p;LS;1.5;1;0.5;1,39015.711
1s2.5p;LS;0.5;1;0.5;1,39015.711
1s2.5d;LS;1.5;2;0.5;2,39094.861
1s2.5d;LS;2.5;2;0.5;2,39094.869
1s2.5d;LS;1.5;2;0.5;1,39094.898
1s2.5f;LS;2.5;3;0.5;1,39097.499
1s2.5f;LS;3.5;3;0.5;1,39097.503
1s2.5f;LS;2.5;3;0.5;2,39097.531
1s2.5f;LS;3.5;3;0.5;2,39097.531
1s2.5g;LS;3.5;4;0.5;2,39097.941
1s2.5g;LS;4.5;4;0.5;2,39097.941
1s2.5g;LS;4.5;4;0.5;1,39097.961
1s2.5g;LS;3.5;4;0.5;1,39097.961
1s2.6s;LS;0.5;0;0.5;2,39987.586
1s2.6p;LS;1.5;1;0.5;1,40391.309
1s2.6p;LS;0.5;1;0.5;1,40391.309
1s2.6d;LS;1.5;2;0.5;2,40437.22
1s2.6d;LS;2.5;2;0.5;2,40437.22
1s2.6f;LS;2.5;3;0.5;2,40438.859
1s2.6f;LS;2.5;3;0.5;1,40438.859
1s2.6f;LS;3.5;3;0.5;1,40438.859
1s2.6f;LS;3.5;3;0.5;2,40438.859
1s2.7s;LS;0.5;0;0.5;2,40967.988
1s2.7p;LS;1.5;1;0.5;1,41217.578
1s2.7p;LS;0.5;1;0.5;1,41217.578
1s2.7d;LS;1.5;2;0.5;2,41246.59
1s2.7d;LS;2.5;2;0.5;2,41246.59
1s2.7f;LS;2.5;3;0.5;1,41247.648
1s2.7f;LS;3.5;3;0.5;1,41247.648
1s2.7f;LS;3.5;3;0.5;2,41247.648
1s2.7f;LS;2.5;3;0.5;2,41247.648
1s2.8s;LS;0.5;0;0.5;2,41587.43
1s2.8p;LS;1.5;1;0.5;1,41751.629
1s2.8p;LS;0.5;1;0.5;1,41751.629
1s2.8d;LS;1.5;2;0.5;2,41771.789
1s2.8d;LS;2.5;2;0.5;2,41771.789
1s2.8f;LS;2.5;3;0.5;1,41772.578
1s2.8f;LS;3.5;3;0.5;1,41772.578
1s2.8f;LS;3.5;3;0.5;2,41772.578
1s2.8f;LS;2.5;3;0.5;2,41772.578
1s2.9p;LS;1.5;1;0.5;1,42118.27
1s2.9p;LS;0.5;1;0.5;1,42118.27
1s2.9d;LS;1.5;2;0.5;2,42131.891
1s2.9d;LS;2.5;2;0.5;2,42131.891
1s2.9f;LS;2.5;3;0.5;1,42132.43
1s2.9f;LS;3.5;3;0.5;1,42132.43
1s2.9f;LS;3.5;3;0.5;2,42132.43
1s2.9f;LS;2.5;3;0.5;2,42132.43
1s2.10p;LS;1.5;1;0.5;1,42379.16
1s2.10p;LS;0.5;1;0.5;1,42379.16
1s2.11p;LS;1.5;1;0.5;1,42569.102
1s2.11p;LS;0.5;1;0.5;1,42569.102
1s2.12p;LS;1.5;1;0.5;1,42719.141
1s2.12p;LS;0.5;1;0.5;1,42719.141